580 100 007
000 500 026
002 704 003
000 001 004
100 000 000
004 200 000
000 000 608
701 003 000
005 400 900



001 620 057
000 000 009
040 100 000
000 060 400
030 007 065
005 000 900
000 000 600
800 003 000
004 070 021



490 032 000
000 196 400
218 040 693
180 029 060
960 000 004
074 000 820
501 084 206
800 013 900
000 000 030



009 000 060
000 015 040
050 080 007
800 700 200
060 008 030
974 002 005
500 070 000
008 250 403
600 040 801


030 002 080
706 000 000
002 700 040
020 090 400
000 000 000
010 003 050
040 005 100
000 007 600
160 300 900



004 700 005
020 000 084
008 000 000
203 070 000
000 548 000
600 020 000
190 000 300
000 900 020
000 005 700
